NOAA 15                 
1 25338U 98030A   25214.17081304  .00000190  00000+0  95715-4 0  9999
2 25338  98.5339 238.0078 0009913 195.8630 164.2242 14.27005601416044
DMSP 5D-3 F16 (USA 172) 
1 28054U 03048A   25214.20523362  .00000058  00000+0  54340-4 0  9993
2 28054  99.0129 230.5233 0006740 338.8938  98.6843 14.14363190124375
NOAA 18                 
1 28654U 05018A   25214.20252287  .00000084  00000+0  67768-4 0  9990
2 28654  98.8409 293.0731 0013744 341.6621  18.4054 14.13623478 41323
METEOSAT-9 (MSG-2)      
1 28912U 05049B   25213.19961281  .00000127  00000+0  00000+0 0  9998
2 28912   8.6281  57.2311 0000513 332.5994  37.8375  1.00267978  3806
EWS-G1 (GOES 13)        
1 29155U 06018A   25214.10929219 -.00000185  00000+0  00000+0 0  9997
2 29155   3.6987  80.3517 0059233 267.5652 316.8196  0.98788562 70224
DMSP 5D-3 F17 (USA 191) 
1 29522U 06050A   25214.17603350  .00000088  00000+0  67842-4 0  9996
2 29522  98.7398 222.2867 0008983 244.3401 115.6845 14.14844223967309
FENGYUN 3A              
1 32958U 08026A   25213.46337615  .00000093  00000+0  64826-4 0  9992
2 32958  98.6490 155.9582 0008273 336.7624  23.3178 14.19458578890048
NOAA 19                 
1 33591U 09005A   25214.21762494  .00000119  00000+0  87228-4 0  9995
2 33591  98.9944 279.2159 0013343 208.3580 151.6867 14.13397238849681
GOES 14                 
1 35491U 09033A   25212.95498043 -.00000064  00000+0  00000+0 0  9990
2 35491   0.8486  87.3987 0003204  79.8218  18.4949  1.00275498  3381
DMSP 5D-3 F18 (USA 210) 
1 35951U 09057A   25214.18714998  .00000271  00000+0  16364-3 0  9997
2 35951  98.8632 191.3767 0012335  78.7455 281.5104 14.14663429814469
EWS-G2 (GOES 15)        
1 36411U 10008A   25213.70884664  .00000045  00000+0  00000+0 0  9997
2 36411   0.4545  85.3180 0003918 113.9842  67.8552  1.00275467 56432
COMS 1                  
1 36744U 10032A   25213.37038859 -.00000339  00000+0  00000+0 0  9990
2 36744   3.9993  79.3838 0000998  31.4320 100.8480  1.00272510 47882
FENGYUN 3B              
1 37214U 10059A   25214.21456551  .00000059  00000+0  54325-4 0  9991
2 37214  99.0101 253.1064 0022296  13.1763  66.2721 14.14742477762361
SUOMI NPP               
1 37849U 11061A   25214.18061725  .00000057  00000+0  47914-4 0  9994
2 37849  98.7582 152.8603 0002050 126.8012 233.3352 14.19549871713173
METEOSAT-10 (MSG-3)     
1 38552U 12035B   25214.18994025  .00000002  00000+0  00000+0 0  9996
2 38552   3.9122  62.0142 0000913   6.9239 310.8272  1.00267058 48014
METOP-B                 
1 38771U 12049A   25214.17493211  .00000094  00000+0  62562-4 0  9991
2 38771  98.5737 266.8735 0001456 132.8465 227.2835 14.21469535667939
INSAT-3D                
1 39216U 13038B   25213.28762186 -.00000332  00000+0  00000+0 0  9996
2 39216   1.0957  86.9296 0001398  43.9900  52.3000  1.00272671 43879
FENGYUN 3C              
1 39260U 13052A   25214.22325256  .00000097  00000+0  70371-4 0  9999
2 39260  98.4581 198.4788 0013861 218.2715 141.7477 14.15639804613504
METEOR-M 2              
1 40069U 14037A   25214.12271641  .00000144  00000+0  85289-4 0  9996
2 40069  98.4717 196.9019 0004628 238.1320 121.9408 14.21314431573993
HIMAWARI-8              
1 40267U 14060A   25213.69141726 -.00000267  00000+0  00000+0 0  9993
2 40267   0.0418 250.7406 0001461 246.0814 203.2709  1.00271413 39548
FENGYUN 2G              
1 40367U 14090A   25214.06682536 -.00000298  00000+0  00000+0 0  9992
2 40367   4.8276  76.7179 0003624 160.7100 197.2083  1.00276715 38848
METEOSAT-11 (MSG-4)     
1 40732U 15034A   25214.12029890  .00000071  00000+0  00000+0 0  9990
2 40732   2.4002  72.3525 0001092 125.5624 165.7216  1.00276959 36812
ELEKTRO-L 2             
1 41105U 15074A   25213.02267194 -.00000113  00000+0  00000+0 0  9996
2 41105   5.8831  74.4825 0001195 160.2109  68.8591  1.00270369 35297
INSAT-3DR               
1 41752U 16054A   25214.13312562 -.00000068  00000+0  00000+0 0  9995
2 41752   0.0383  97.4665 0010420 166.0929 169.3186  1.00272318 32601
HIMAWARI-9              
1 41836U 16064A   25213.33219601 -.00000267  00000+0  00000+0 0  9991
2 41836   0.0386 256.9447 0001333 268.2707  45.2873  1.00271244 32005
GOES 16                 
1 41866U 16071A   25213.82201858 -.00000081  00000+0  00000+0 0  9995
2 41866   0.0324 114.5359 0001473  55.9017 331.4160  1.00271935 31905
FENGYUN 4A              
1 41882U 16077A   25213.92886598 -.00000349  00000+0  00000+0 0  9997
2 41882   1.5054  83.8109 0006399 165.9239 159.1656  1.00270639 31770
CYGFM05                 
1 41884U 16078A   25214.22223269  .00013980  00000+0  32069-3 0  9992
2 41884  34.9596 188.5178 0008252  16.9118 343.1876 15.41820798479360
CYGFM04                 
1 41885U 16078B   25213.92067549  .00015364  00000+0  32905-3 0  9993
2 41885  34.9345 168.4573 0006981  38.4911 321.6306 15.43853476479366
CYGFM02                 
1 41886U 16078C   25213.96075655  .00015122  00000+0  31406-3 0  9992
2 41886  34.9433 168.0577 0008661  34.4084 325.7196 15.44744032479482
CYGFM01                 
1 41887U 16078D   25213.35377542  .00014854  00000+0  33634-3 0  9992
2 41887  34.9426 197.3649 0008280 355.2165   4.8475 15.42198182479067
CYGFM08                 
1 41888U 16078E   25213.95390480  .00014497  00000+0  31732-3 0  9995
2 41888  34.9453 177.8146 0009352  28.2514 331.8712 15.43198105479376
CYGFM07                 
1 41890U 16078G   25213.94214816  .00014533  00000+0  31193-3 0  9997
2 41890  34.9470 167.6224 0007260  46.7151 313.4174 15.43795313479383
CYGFM03                 
1 41891U 16078H   25213.95605726  .00013921  00000+0  30149-3 0  9993
2 41891  34.9426 169.2597 0006653  27.5504 332.5568 15.43540341479366
FENGYUN 3D              
1 43010U 17072A   25214.16712081  .00000092  00000+0  65284-4 0  9994
2 43010  98.9659 178.6467 0000643 196.7496 163.3658 14.19629548399721
NOAA 20 (JPSS-1)        
1 43013U 17073A   25214.12610363  .00000056  00000+0  47137-4 0  9991
2 43013  98.7412 152.0151 0001960 103.8341 256.3053 14.19549158399209
GOES 17                 
1 43226U 18022A   25214.17208684 -.00000173  00000+0  00000+0 0  9990
2 43226   0.1133  98.6171 0001523 136.9355  47.9077  1.00272030 27235
FENGYUN 2H              
1 43491U 18050A   25214.06283867 -.00000122  00000+0  00000+0 0  9993
2 43491   2.2053  82.9224 0002071 115.6700 214.2136  1.00273976 26318
METOP-C                 
1 43689U 18087A   25214.13958475  .00000073  00000+0  53291-4 0  9993
2 43689  98.7124 273.7912 0001687  54.3986 305.7348 14.21476816349502
GEO-KOMPSAT-2A          
1 43823U 18100A   25212.93045366 -.00000337  00000+0  00000+0 0  9990
2 43823   0.0055 257.6051 0002238 206.9643 308.4117  1.00269469 24415
METEOR-M2 2             
1 44387U 19038A   25214.17157159  .00000112  00000+0  68552-4 0  9990
2 44387  98.8783 192.3900 0000991 157.1159 203.0064 14.24220802315888
ARKTIKA-M 1             
1 47719U 21016A   25211.99503583 -.00000088  00000+0  00000+0 0  9996
2 47719  63.1519 102.0141 7132899 268.7411  16.3260  2.00614249 32340
FENGYUN 3E              
1 49008U 21062A   25214.19299808  .00000019  00000+0  29699-4 0  9990
2 49008  98.7438 216.2724 0000608 323.8120  36.3015 14.19856297211317
GOES 18                 
1 51850U 22021A   25213.94845274  .00000106  00000+0  00000+0 0  9997
2 51850   0.0078  92.9271 0000406  81.5636 340.7362  1.00273463 12605
NOAA 21 (JPSS-2)        
1 54234U 22150A   25213.88015690  .00000063  00000+0  50652-4 0  9998
2 54234  98.7275 151.9856 0002356  47.2263 312.9111 14.19547717141249
METEOSAT-12 (MTG-I1)    
1 54743U 22170C   25213.26179508  .00000001  00000+0  00000+0 0  9995
2 54743   0.6794  33.7503 0001613  93.3920 276.9012  1.00274913  9776
TIANMU-1 03             
1 55973U 23039A   25214.12525366  .00012033  00000+0  34268-3 0  9994
2 55973  97.5051  13.6518 0004373 150.5548 209.5943 15.36249726131672
TIANMU-1 04             
1 55974U 23039B   25214.12944244  .00012221  00000+0  34516-3 0  9990
2 55974  97.4980  12.9137 0005230 149.4789 210.6760 15.36500007131671
TIANMU-1 05             
1 55975U 23039C   25214.16102144  .00011681  00000+0  33306-3 0  9995
2 55975  97.5027  13.4202 0003682 168.9572 191.1753 15.36222330131663
TIANMU-1 06             
1 55976U 23039D   25214.13727273  .00012100  00000+0  34100-3 0  9999
2 55976  97.5040  13.7596 0004161 165.7598 194.3763 15.36575095131670
METEOR-M2 3             
1 57166U 23091A   25214.17395872 -.00000007  00000+0  15891-4 0  9991
2 57166  98.6580 269.8712 0004411  32.8398 327.3054 14.24005458109110
TIANMU-1 07             
1 57399U 23101A   25214.13658659  .00005983  00000+0  23788-3 0  9992
2 57399  97.3078 266.9871 0004601 164.9074 195.2303 15.25650654112927
TIANMU-1 08             
1 57400U 23101B   25214.16836517  .00006615  00000+0  26262-3 0  9992
2 57400  97.3067 266.8379 0006410 175.3376 184.7923 15.25650604112927
TIANMU-1 09             
1 57401U 23101C   25214.15394278  .00006691  00000+0  26600-3 0  9995
2 57401  97.3022 266.4165 0005652 172.6900 187.4422 15.25601659112928
TIANMU-1 10             
1 57402U 23101D   25214.18712065  .00006603  88158-8  26039-3 0  9995
2 57402  97.3104 267.1595 0007430 177.2083 182.9198 15.25585729112923
FENGYUN 3F              
1 57490U 23111A   25214.18019073  .00000038  00000+0  38450-4 0  9990
2 57490  98.7245 284.4999 0000774  87.1449 272.9816 14.19849429103592
ARKTIKA-M 2             
1 58584U 23198A   25212.23663826  .00000183  00000+0  00000+0 0  9991
2 58584  63.2307 189.5382 6867270 268.6538  18.5707  2.00597782 11889
TIANMU-1 11             
1 58645U 23205A   25214.13699014  .00006004  00000+0  26124-3 0  9994
2 58645  97.3717 236.1825 0011144  57.0560 303.1747 15.22556196 88907
TIANMU-1 12             
1 58646U 23205B   25214.15515114  .00006050  00000+0  26360-3 0  9998
2 58646  97.3704 236.0485 0009015  48.3547 311.8460 15.22529966 88898
TIANMU-1 13             
1 58647U 23205C   25214.12302144  .00005986  00000+0  26104-3 0  9996
2 58647  97.3732 236.1678 0008508  29.6797 330.4921 15.22506306 88881
TIANMU-1 14             
1 58648U 23205D   25214.17134614  .00005685  00000+0  24788-3 0  9999
2 58648  97.3662 235.6875 0009669  32.9500 327.2337 15.22525172 88893
TIANMU-1 19             
1 58660U 23208A   25214.17014268  .00007424  00000+0  30220-3 0  9999
2 58660  97.4307 325.8911 0005816  20.4319 339.7150 15.24781133 88600
TIANMU-1 20             
1 58661U 23208B   25214.19511802  .00007800  00000+0  30599-3 0  9995
2 58661  97.4244 326.2330 0008489  25.4491 334.7163 15.25985352 88661
TIANMU-1 21             
1 58662U 23208C   25214.19167094  .00008872  00000+0  32712-3 0  9995
2 58662  97.4287 327.6050 0007893  23.1196 337.0397 15.28007349 88735
TIANMU-1 22             
1 58663U 23208D   25214.22359698  .00006786  00000+0  27696-3 0  9990
2 58663  97.4302 326.0407 0005017  45.4637 314.7010 15.24729704 88620
TIANMU-1 15             
1 58700U 24004A   25213.90972253  .00005673  00000+0  24831-3 0  9991
2 58700  97.4673  36.0582 0007714  47.0300 313.1582 15.22414282 87127
TIANMU-1 16             
1 58701U 24004B   25214.15573552  .00005613  00000+0  24537-3 0  9996
2 58701  97.4608  35.8059 0008142  50.4045 309.7909 15.22459873 87165
TIANMU-1 17             
1 58702U 24004C   25214.13655963  .00005880  00000+0  25578-3 0  9994
2 58702  97.4646  36.1438 0006835  53.0711 307.1150 15.22620634 87153
TIANMU-1 18             
1 58703U 24004D   25214.18792992  .00005982  00000+0  26097-3 0  9994
2 58703  97.4663  36.3537 0006449  43.3758 316.7985 15.22513360 87169
INSAT-3DS               
1 58990U 24033A   25214.06335868 -.00000146  00000+0  00000+0 0  9996
2 58990   0.0528 258.3572 0001387 239.7932 277.6390  1.00270650  5622
METEOR-M2 4             
1 59051U 24039A   25214.17673362  .00000034  00000+0  34708-4 0  9999
2 59051  98.6527 173.3279 0007512  22.4831 337.6675 14.22373544 73918
GOES 19                 
1 60133U 24119A   25213.24211316 -.00000240  00000+0  00000+0 0  9998
2 60133   0.0135  92.5230 0000234 132.3870  97.1366  1.00271685  3755
